Model name| time | MSE  | lambda | learning rate | layers | number of neurons | batch-size | epochs   |
-------------------------------------------------------------------------------------------
Sigmoid   |  1.9 | 0.016|  0.005  |     0.0005     |   1    |        5         |   3000   |
Sigmoid   |  8.7 | 0.020|  0.005  |     0.0001     |   1    |        5         |   3000   |
Sigmoid   |  14.6 | 0.031|  0.005  |     1e-05     |   1    |        5         |   3000   |
Sigmoid   |  16.5 | 0.016|  0.001  |     0.0005     |   1    |        5         |   3000   |
Sigmoid   |  30.3 | 0.018|  0.001  |     0.0001     |   1    |        5         |   3000   |
Sigmoid   |  48.0 | 0.031|  0.001  |     1e-05     |   1    |        5         |   3000   |
Sigmoid   |  54.5 | 0.016|  0.0005  |     0.0005     |   1    |        5         |   3000   |
Sigmoid   |  72.6 | 0.020|  0.0005  |     0.0001     |   1    |        5         |   3000   |
Sigmoid   |  90.9 | 0.031|  0.0005  |     1e-05     |   1    |        5         |   3000   |
Sigmoid   |  99.8 | 0.015|  0.0001  |     0.0005     |   1    |        5         |   3000   |
Sigmoid   |  107.8 | 0.020|  0.0001  |     0.0001     |   1    |        5         |   3000   |
Sigmoid   |  113.8 | 0.031|  0.0001  |     1e-05     |   1    |        5         |   3000   |
Sigmoid   |  115.6 | 0.016|  5e-05  |     0.0005     |   1    |        5         |   3000   |
Sigmoid   |  121.6 | 0.023|  5e-05  |     0.0001     |   1    |        5         |   3000   |
Sigmoid   |  138.2 | 0.031|  5e-05  |     1e-05     |   1    |        5         |   3000   |
Sigmoid   |  145.1 | 0.016|  1e-05  |     0.0005     |   1    |        5         |   3000   |
Sigmoid   |  163.8 | 0.018|  1e-05  |     0.0001     |   1    |        5         |   3000   |
Sigmoid   |  182.1 | 0.031|  1e-05  |     1e-05     |   1    |        5         |   3000   |
Tanh      | 185.6 | 0.015|  0.005  |     0.0005     |   1    |        5         |   3000   |
Tanh      | 195.5 | 0.017|  0.005  |     0.0001     |   1    |        5         |   3000   |
Tanh      | 214.0 | 0.029|  0.005  |     1e-05     |   1    |        5         |   3000   |
Tanh      | 218.1 | 0.016|  0.001  |     0.0005     |   1    |        5         |   3000   |
Tanh      | 227.7 | 0.017|  0.001  |     0.0001     |   1    |        5         |   3000   |
Tanh      | 246.3 | 0.029|  0.001  |     1e-05     |   1    |        5         |   3000   |
Tanh      | 250.5 | 0.016|  0.0005  |     0.0005     |   1    |        5         |   3000   |
Tanh      | 259.9 | 0.016|  0.0005  |     0.0001     |   1    |        5         |   3000   |
Tanh      | 278.6 | 0.029|  0.0005  |     1e-05     |   1    |        5         |   3000   |
Tanh      | 282.8 | 0.016|  0.0001  |     0.0005     |   1    |        5         |   3000   |
Tanh      | 292.1 | 0.017|  0.0001  |     0.0001     |   1    |        5         |   3000   |
Tanh      | 311.0 | 0.028|  0.0001  |     1e-05     |   1    |        5         |   3000   |
Tanh      | 313.3 | 0.016|  5e-05  |     0.0005     |   1    |        5         |   3000   |
Tanh      | 322.8 | 0.017|  5e-05  |     0.0001     |   1    |        5         |   3000   |
Tanh      | 342.1 | 0.027|  5e-05  |     1e-05     |   1    |        5         |   3000   |
Tanh      | 346.4 | 0.016|  1e-05  |     0.0005     |   1    |        5         |   3000   |
Tanh      | 355.9 | 0.016|  1e-05  |     0.0001     |   1    |        5         |   3000   |
Tanh      | 374.4 | 0.029|  1e-05  |     1e-05     |   1    |        5         |   3000   |
Relu      | 391.4 | 0.032|  0.005  |     0.0005     |   1    |        5         |   3000   |
Relu      | 410.7 | 0.028|  0.005  |     0.0001     |   1    |        5         |   3000   |
Relu      | 427.9 | 0.032|  0.005  |     1e-05     |   1    |        5         |   3000   |
Relu      | 443.2 | 0.094|  0.001  |     0.0005     |   1    |        5         |   3000   |
Relu      | 458.7 | 0.094|  0.001  |     0.0001     |   1    |        5         |   3000   |
Relu      | 478.1 | 0.028|  0.001  |     1e-05     |   1    |        5         |   3000   |
Relu      | 496.8 | 0.028|  0.0005  |     0.0005     |   1    |        5         |   3000   |
Relu      | 514.3 | 0.018|  0.0005  |     0.0001     |   1    |        5         |   3000   |
Relu      | 532.0 | 0.032|  0.0005  |     1e-05     |   1    |        5         |   3000   |
Relu      | 547.3 | 0.094|  0.0001  |     0.0005     |   1    |        5         |   3000   |
Relu      | 566.6 | 0.028|  0.0001  |     0.0001     |   1    |        5         |   3000   |
Relu      | 585.8 | 0.028|  0.0001  |     1e-05     |   1    |        5         |   3000   |
Relu      | 604.7 | 0.028|  5e-05  |     0.0005     |   1    |        5         |   3000   |
Relu      | 622.6 | 0.028|  5e-05  |     0.0001     |   1    |        5         |   3000   |
Relu      | 642.0 | 0.028|  5e-05  |     1e-05     |   1    |        5         |   3000   |
Relu      | 659.4 | 0.031|  1e-05  |     0.0005     |   1    |        5         |   3000   |
Relu      | 677.3 | 0.028|  1e-05  |     0.0001     |   1    |        5         |   3000   |
Relu      | 694.6 | 0.032|  1e-05  |     1e-05     |   1    |        5         |   3000   |


Model name| time | MSE  | lambda | learning rate | layers | number of neurons | batch-size | epochs   |
-------------------------------------------------------------------------------------------
Sigmoid   |  2.0 | 0.016|  0.0001  |     0.0005     |   1    |        5         |   3000   |
Sigmoid   |  4.5 | 0.016|  0.0001  |     0.0005     |   1    |        10         |   3000   |
Sigmoid   |  11.0 | 0.016|  0.0001  |     0.0005     |   1    |        20         |   3000   |
Sigmoid   |  13.8 | 0.016|  0.0001  |     0.0005     |   2    |        5         |   3000   |
Sigmoid   |  19.0 | 0.016|  0.0001  |     0.0005     |   2    |        10         |   3000   |
Sigmoid   |  33.6 | 0.015|  0.0001  |     0.0005     |   2    |        20         |   3000   |
Sigmoid   |  35.6 | 0.015|  0.0001  |     0.0005     |   3    |        5         |   3000   |
Sigmoid   |  42.9 | 0.016|  0.0001  |     0.0005     |   3    |        10         |   3000   |
Sigmoid   |  62.1 | 0.017|  0.0001  |     0.0005     |   3    |        20         |   3000   |
Tanh      | 64.9 | 0.017|  0.0005  |     0.0001     |   1    |        5         |   3000   |
Tanh      | 68.4 | 0.016|  0.0005  |     0.0001     |   1    |        10         |   3000   |
Tanh      | 78.6 | 0.017|  0.0005  |     0.0001     |   1    |        20         |   3000   |
Tanh      | 80.5 | 0.016|  0.0005  |     0.0001     |   2    |        5         |   3000   |
Tanh      | 83.0 | 0.015|  0.0005  |     0.0001     |   2    |        10         |   3000   |
Tanh      | 92.0 | 0.016|  0.0005  |     0.0001     |   2    |        20         |   3000   |
Tanh      | 94.2 | 0.015|  0.0005  |     0.0001     |   3    |        5         |   3000   |
Tanh      | 97.3 | 0.015|  0.0005  |     0.0001     |   3    |        10         |   3000   |
Tanh      | 104.9 | 0.014|  0.0005  |     0.0001     |   3    |        20         |   3000   |
Relu      | 110.8 | 0.028|  0.0005  |     0.0001     |   1    |        5         |   3000   |
Relu      | 118.8 | 0.028|  0.0005  |     0.0001     |   1    |        10         |   3000   |
Relu      | 124.0 | 0.016|  0.0005  |     0.0001     |   1    |        20         |   3000   |
Relu      | 131.8 | 0.032|  0.0005  |     0.0001     |   2    |        5         |   3000   |
Relu      | 133.2 | 0.016|  0.0005  |     0.0001     |   2    |        10         |   3000   |
Relu      | 135.3 | 0.015|  0.0005  |     0.0001     |   2    |        20         |   3000   |
Relu      | 146.3 | 0.032|  0.0005  |     0.0001     |   3    |        5         |   3000   |
Relu      | 147.6 | 0.016|  0.0005  |     0.0001     |   3    |        10         |   3000   |
Relu      | 150.0 | 0.015|  0.0005  |     0.0001     |   3    |        20         |   3000   |


Model name| time | MSE  | lambda | learning rate | layers | number of neurons | batch-size | epochs   |
-------------------------------------------------------------------------------------------

Sigmoid   |  3.1 | 0.015|  0.0001  |     0.0005     |   1    |        10         |   3000   |

Sigmoid   |  11.5 | 0.015|  0.0001  |     0.0005     |   2    |        5         |   3000   |

Sigmoid   |  30.1 | 0.014|  0.0001  |     0.0005     |   3    |        20         |   3000   |

Tanh      | 1.1 | 0.014|  0.0001  |     0.0005     |   1    |        10         |   3000   |

Tanh      | 0.8 | 0.014|  0.0001  |     0.0005     |   2    |        10         |   3000   |

Tanh      | 0.9 | 0.013|  0.0001  |     0.0005     |   3    |        10         |   3000   |

Tanh      | 0.5 | 0.014|  0.0001  |     0.0005     |   4    |        5         |   3000   |

Relu      | 11.1 | 0.016|  0.0005  |     0.0001     |   1    |        20         |   3000   |

Relu      | 2.4 | 0.014|  0.0005  |     0.0001     |   2    |        20         |   3000   |

Relu      | 2.9 | 0.014|  0.0005  |     0.0001     |   3    |        10         |   3000   |

Relu      | 0.5 | 0.014|  0.0005  |     0.0001     |   5    |        15         |   3000   |

Model name| time | MSE  | lambda | learning rate | layers | number of neurons | batch-size | epochs   |
-------------------------------------------------------------------------------------------
Sigmoid   |  1.9 | 0.016|  0.0001  |     0.0005     |   1    |        5         |   3000   |
Sigmoid   |  10.5 | 0.015|  0.0001  |     0.0005     |   1    |        20         |   3000   |
Sigmoid   |  4.3 | 0.016|  0.0001  |     0.0005     |   2    |        5         |   3000   |
Sigmoid   |  21.4 | 0.015|  0.0001  |     0.0005     |   2    |        20         |   3000   |
Sigmoid   |  5.8 | 0.017|  0.0001  |     0.0005     |   3    |        5         |   3000   |
Sigmoid   |  27.6 | 0.016|  0.0001  |     0.0005     |   3    |        20         |   3000   |
Sigmoid   |  17.1 | 0.019|  0.0001  |     0.0005     |   4    |        5         |   3000   |
Sigmoid   |  48.8 | 0.017|  0.0001  |     0.0005     |   4    |        20         |   3000   |

Model name| time | MSE  | lambda | learning rate | layers | number of neurons | batch-size | epochs   |
RANDOM
-------------------------------------------------------------------------------------------
Sigmoid   |  1.6 | 0.017|  0.0001  |     0.0005     |   1    |        5         |   3000   |
Tanh      | 0.1 | 0.014|  0.0001  |     0.0005     |   4    |        5         |   3000   |
Relu      | 24.0 | 0.027|  0.0005  |     1e-05     |   5    |        10         |   3000   |

Model name| time | MSE  | lambda | learning rate | layers | number of neurons | batch-size | epochs   |
HE
-------------------------------------------------------------------------------------------
Sigmoid   |  2.6 | 0.017|  0.0001  |     0.0005     |   1    |        5         |   3000   |
Tanh      | 0.6 | 0.015|  0.0001  |     0.0005     |   4    |        5         |   3000   |
Relu      | 2.9 | 0.015|  0.0005  |     1e-05     |   5    |        10         |   3000   |

Model name| time | MSE  | lambda | learning rate | layers | number of neurons | batch-size | epochs   |
Xavier_norm
-------------------------------------------------------------------------------------------
Sigmoid   |  1.9 | 0.016|  0.0001  |     0.0005     |   1    |        5         |   3000   |
Tanh      | 1.0 | 0.015|  0.0001  |     0.0005     |   4    |        5         |   3000   |
Relu      | 12.7 | 0.015|  0.0005  |     1e-05     |   5    |        10         |   3000   |

Model name| time | MSE  | lambda | learning rate | layers | number of neurons | batch-size | epochs   |
Xavier
-------------------------------------------------------------------------------------------
Sigmoid   |  1.8 | 0.016|  0.0001  |     0.0005     |   1    |        5         |   3000   |
Tanh      | 0.9 | 0.015|  0.0001  |     0.0005     |   4    |        5         |   3000   |
Relu      | 19.5 | 0.017|  0.0005  |     1e-05     |   5    |        10         |   3000   |


Model name| time | MSE  | lambda | learning rate | layers | number of neurons | batch-size | epochs   |
-------------------------------------------------------------------------------------------
XAVIER
Sigmoid   |  6.4 | 0.016|  0.0001  |     0.0005     |   2    |        5         |   3000   |
Sigmoid   |  15.9 | 0.016|  0.0001  |     0.0005     |   3    |        5         |   3000   |
Sigmoid   |  43.6 | 0.016|  0.0001  |     0.0005     |   4    |        5         |   3000   |
XAVIER_NORM
Sigmoid   |  3.7 | 0.016|  0.0001  |     0.0005     |   2    |        5         |   3000   |
Sigmoid   |  5.5 | 0.016|  0.0001  |     0.0005     |   3    |        5         |   3000   |
Sigmoid   |  6.9 | 0.018|  0.0001  |     0.0005     |   4    |        5         |   3000   |
RANDOM
Sigmoid   |  2.0 | 0.016|  0.0001  |     0.0005     |   2    |        5         |   3000   |
Sigmoid   |  3.8 | 0.015|  0.0001  |     0.0005     |   3    |        5         |   3000   |
Sigmoid   |  6.7 | 0.015|  0.0001  |     0.0005     |   4    |        5         |   3000   |
HE
Sigmoid   |  2.6 | 0.015|  0.0001  |     0.0005     |   2    |        5         |   3000   |
Sigmoid   |  3.4 | 0.016|  0.0001  |     0.0005     |   3    |        5         |   3000   |
Sigmoid   |  4.6 | 0.017|  0.0001  |     0.0005     |   4    |        5         |   3000   | 
