Model name| time | MSE  | lambda | learning rate | layers | number of neurons | epochs   |
-------------------------------------------------------------------------------------------
Sigmoid   |  11.0 | 0.024|  0.001  |     0.0001     |   1    |        10         |   3000   |
Sigmoid   |  11.5 | 0.013|  0.001  |     0.0005     |   1    |        10         |   3000   |
Sigmoid   |  11.0 | 0.016|  0.001  |     0.001     |   1    |        10         |   3000   |
Sigmoid   |  10.8 | 0.101|  0.001  |     0.003     |   1    |        10         |   3000   |
Sigmoid   |  10.6 | nan|  0.001  |     0.004     |   1    |        10         |   3000   |

Sigmoid   |  16.0 | 0.013|  0.001  |     0.0005     |   2    |        10         |   3000   |
Sigmoid   |  23.1 | 0.014|  0.001  |     0.0005     |   3    |        10         |   3000   |
Sigmoid   |  27.6 | 0.014|  0.001  |     0.0005     |   4    |        10         |   3000   |
Sigmoid   |  34.9 | 0.015|  0.001  |     0.0005     |   5    |        10         |   3000   |

Sigmoid   |  15.5 | 0.013|  0.001  |     0.0005     |   1    |        20         |   3000   |
Sigmoid   |  40.1 | 0.013|  0.001  |     0.0005     |   2    |        20         |   3000   |
Sigmoid   |  54.3 | 0.012|  0.001  |     0.0005     |   3    |        20         |   3000   |
Sigmoid   |  83.3 | 0.013|  0.001  |     0.0005     |   4    |        20         |   3000   |

Sigmoid   |  4.3 | 0.013|  0.001  |     0.0005     |   1    |        5         |   3000   |
Sigmoid   |  6.0 | 0.014|  0.001  |     0.0005     |   2    |        5         |   3000   |
Sigmoid   |  9.4 | 0.015|  0.001  |     0.0005     |   3    |        5         |   3000   |
Sigmoid   |  11.6 | 0.014|  0.001  |     0.0005     |   4    |        5         |   3000   |
Sigmoid   |  14.7 | 0.013|  0.001  |     0.0005     |   5    |        5         |   3000   |
Sigmoid   |  17.4 | 0.094|  0.001  |     0.0005     |   6    |        5         |   3000   |

Sigmoid   |  13.2 | 0.013|  0.001  |     0.0005     |   1    |        5         |   100   |      |   3000   |
Sigmoid   |  5.1 | 0.012|  0.001  |     0.0005     |   1    |        5         |   500   |      |   3000   |
Sigmoid   |  5.4 | 0.013|  0.001  |     0.0005     |   1    |        5         |   1000   |      |   3000   |

Sigmoid   |  5.4 | 0.012|  0.001  |     0.0005     |   1    |        5         |   500   |      |   3000   |
Sigmoid   |  7.2 | 0.013|  0.001  |     0.0005     |   1    |        10         |   500   |      |   3000   |
Sigmoid   |  22.0 | 0.013|  0.001  |     0.0005     |   1    |        20         |   500   |      |   3000   |
Sigmoid   |  7.7 | 0.013|  0.001  |     0.0005     |   2    |        5         |   500   |      |   3000   |
Sigmoid   |  11.2 | 0.013|  0.001  |     0.0005     |   2    |        10         |   500   |      |   3000   |
Sigmoid   |  30.1 | 0.012|  0.001  |     0.0005     |   2    |        20         |   500   |      |   3000   |
Sigmoid   |  11.6 | 0.013|  0.001  |     0.0005     |   3    |        5         |   500   |      |   3000   |
Sigmoid   |  16.2 | 0.015|  0.001  |     0.0005     |   3    |        10         |   500   |      |   3000   |
Sigmoid   |  42.1 | 0.016|  0.001  |     0.0005     |   3    |        20         |   500   |      |   3000   |
Sigmoid   |  22.0 | 0.029|  0.001  |     0.0005     |   6    |        5         |   500   |      |   3000   |
Sigmoid   |  32.2 | 0.095|  0.001  |     0.0005     |   6    |        10         |   500   |      |   3000   |
Sigmoid   |  80.6 | 0.094|  0.001  |     0.0005     |   6    |        20         |   500   |      |   3000   |

Model name| time | MSE  | lambda | learning rate | layers | number of neurons | batch-size | epochs   |
-------------------------------------------------------------------------------------------
Sigmoid   |  5.6 | 0.094|  10.0  |     0.0005     |   1    |        5         |   500   |      |   3000   |
Sigmoid   |  5.4 | 0.034|  1.0  |     0.0005     |   1    |        5         |   500   |      |   3000   |
Sigmoid   |  5.4 | 0.020|  0.1  |     0.0005     |   1    |        5         |   500   |      |   3000   |
Sigmoid   |  5.3 | 0.013|  0.01  |     0.0005     |   1    |        5         |   500   |      |   3000   |
Sigmoid   |  5.5 | 0.012|  0.001  |     0.0005     |   1    |        5         |   500   |      |   3000   |
Sigmoid   |  5.9 | 0.013|  0.0001  |     0.0005     |   1    |        5         |   500   |      |   3000   |
Sigmoid   |  5.8 | 0.013|  1e-05  |     0.0005     |   1    |        5         |   500   |      |   3000   |
Sigmoid   |  5.5 | 0.012|  1e-06  |     0.0005     |   1    |        5         |   500   |      |   3000   |
Sigmoid   |  7.4 | 0.094|  10.0  |     0.0005     |   1    |        10         |   500   |      |   3000   |
Sigmoid   |  8.0 | 0.034|  1.0  |     0.0005     |   1    |        10         |   500   |      |   3000   |
Sigmoid   |  7.0 | 0.026|  0.1  |     0.0005     |   1    |        10         |   500   |      |   3000   |
Sigmoid   |  7.3 | 0.013|  0.01  |     0.0005     |   1    |        10         |   500   |      |   3000   |
Sigmoid   |  7.6 | 0.013|  0.001  |     0.0005     |   1    |        10         |   500   |      |   3000   |
Sigmoid   |  7.4 | 0.013|  0.0001  |     0.0005     |   1    |        10         |   500   |      |   3000   |
Sigmoid   |  7.5 | 0.012|  1e-05  |     0.0005     |   1    |        10         |   500   |      |   3000   |
Sigmoid   |  7.6 | 0.013|  1e-06  |     0.0005     |   1    |        10         |   500   |      |   3000   |
Sigmoid   |  22.3 | 0.094|  10.0  |     0.0005     |   1    |        20         |   500   |      |   3000   |
Sigmoid   |  22.2 | 0.035|  1.0  |     0.0005     |   1    |        20         |   500   |      |   3000   |
Sigmoid   |  22.4 | 0.027|  0.1  |     0.0005     |   1    |        20         |   500   |      |   3000   |
Sigmoid   |  21.6 | 0.017|  0.01  |     0.0005     |   1    |        20         |   500   |      |   3000   |
Sigmoid   |  20.9 | 0.013|  0.001  |     0.0005     |   1    |        20         |   500   |      |   3000   |
Sigmoid   |  20.3 | 0.013|  0.0001  |     0.0005     |   1    |        20         |   500   |      |   3000   |
Sigmoid   |  21.3 | 0.015|  1e-05  |     0.0005     |   1    |        20         |   500   |      |   3000   |
Sigmoid   |  21.6 | 0.013|  1e-06  |     0.0005     |   1    |        20         |   500   |      |   3000   |
Sigmoid   |  17.7 | 0.094|  10.0  |     0.0005     |   2    |        5         |   500   |      |   3000   |
Sigmoid   |  7.9 | 0.094|  1.0  |     0.0005     |   2    |        5         |   500   |      |   3000   |
Sigmoid   |  8.1 | 0.094|  0.1  |     0.0005     |   2    |        5         |   500   |      |   3000   |
Sigmoid   |  8.5 | 0.021|  0.01  |     0.0005     |   2    |        5         |   500   |      |   3000   |
Sigmoid   |  7.9 | 0.016|  0.001  |     0.0005     |   2    |        5         |   500   |      |   3000   |
Sigmoid   |  8.1 | 0.013|  0.0001  |     0.0005     |   2    |        5         |   500   |      |   3000   |
Sigmoid   |  8.4 | 0.013|  1e-05  |     0.0005     |   2    |        5         |   500   |      |   3000   |
Sigmoid   |  8.4 | 0.013|  1e-06  |     0.0005     |   2    |        5         |   500   |      |   3000   |
Sigmoid   |  33.9 | 0.094|  10.0  |     0.0005     |   2    |        10         |   500   |      |   3000   |
Sigmoid   |  10.9 | 0.094|  1.0  |     0.0005     |   2    |        10         |   500   |      |   3000   |
Sigmoid   |  11.3 | 0.094|  0.1  |     0.0005     |   2    |        10         |   500   |      |   3000   |
Sigmoid   |  11.2 | 0.021|  0.01  |     0.0005     |   2    |        10         |   500   |      |   3000   |
Sigmoid   |  11.3 | 0.013|  0.001  |     0.0005     |   2    |        10         |   500   |      |   3000   |
Sigmoid   |  11.4 | 0.013|  0.0001  |     0.0005     |   2    |        10         |   500   |      |   3000   |
Sigmoid   |  11.3 | 0.013|  1e-05  |     0.0005     |   2    |        10         |   500   |      |   3000   |
Sigmoid   |  11.3 | 0.013|  1e-06  |     0.0005     |   2    |        10         |   500   |      |   3000   |
Sigmoid   |  112.5 | 0.094|  10.0  |     0.0005     |   2    |        20         |   500   |      |   3000   |
Sigmoid   |  28.3 | 0.094|  1.0  |     0.0005     |   2    |        20         |   500   |      |   3000   |
Sigmoid   |  32.3 | 0.094|  0.1  |     0.0005     |   2    |        20         |   500   |      |   3000   |
Sigmoid   |  30.7 | 0.021|  0.01  |     0.0005     |   2    |        20         |   500   |      |   3000   |
Sigmoid   |  30.6 | 0.013|  0.001  |     0.0005     |   2    |        20         |   500   |      |   3000   |
Sigmoid   |  30.4 | 0.013|  0.0001  |     0.0005     |   2    |        20         |   500   |      |   3000   |
Sigmoid   |  30.9 | 0.012|  1e-05  |     0.0005     |   2    |        20         |   500   |      |   3000   |
Sigmoid   |  29.1 | 0.013|  1e-06  |     0.0005     |   2    |        20         |   500   |      |   3000   |
