Model name| time | MSE  | lambda | learning rate | layers | number of neurons | batch-size | epochs   | 
------------------------------------------------------------------------------------------- 
Sigmoid   |  8.7 | 0.021|  0.0001  |     0.0001     |   1    |        5         |   3000   | 
Sigmoid   |  3.5 | 0.014|  0.0001  |     0.0005     |   1    |        5         |   3000   | 
Sigmoid   |  8.7 | 0.031|  0.0001  |     1e-05     |   1    |        5         |   3000   | 
Sigmoid   |  8.8 | 0.017|  0.00207  |     0.0001     |   1    |        5         |   3000   | 
Sigmoid   |  4.0 | 0.014|  0.00207  |     0.0005     |   1    |        5         |   3000   | 
Sigmoid   |  9.4 | 0.031|  0.00207  |     1e-05     |   1    |        5         |   3000   | 
Sigmoid   |  9.3 | 0.026|  0.0428  |     0.0001     |   1    |        5         |   3000   | 
Sigmoid   |  9.6 | 0.017|  0.0428  |     0.0005     |   1    |        5         |   3000   | 
Sigmoid   |  9.7 | 0.031|  0.0428  |     1e-05     |   1    |        5         |   3000   | 
