Noise deviation | Accuracy | Loss | 
------------------------- 
 0.001 | 3.2087466716766357 | 0.9815000295639038 | 
 0.005 | 3.2801177501678467 | 0.9850000143051147 | 
 0.01 | 3.6257221698760986 | 0.9825000166893005 | 
 0.05 | 4.0202178955078125 | 0.9815000295639038 | 
 0.1 | 5.610657691955566 | 0.9785000085830688 | 
 0.5 | 52.247535705566406 | 0.9304999709129333 | 
 1.0 | 152.1260528564453 | 0.8619999885559082 | 
 5.0 | 1278.3145751953125 | 0.4805000126361847 | 
 10 | 1343.1092529296875 | 0.4934999942779541 | 
